250.0 1.8748793101510488
325.0 10.259774811405348
350.0 3.9859781118603976
375.0 9.38899651515593
400.0 13.556616783972675
425.0 17.624613110879203
450.0 21.728779428823216
475.0 23.16901903257881
500.0 23.58004940796195
525.0 23.4989302618742
550.0 24.20645289616268
575.0 24.32466612285029
600.0 23.24302449447355
625.0 22.978232942005505
650.0 21.60912278096584
675.0 19.717772271061182
700.0 9.731760189995368
731.0 36.92519699491972
775.0 28.92215516697683
850.0 59.59506916559838
950.0 38.650700619016426
1050.0 41.23709667799383
1150.0 19.500288788585355
1250.0 28.208106833467408
1350.0 4.552240829066749
1450.0 4.582308320891742
1550.0 16.97619932208903
1650.0 14.306873948386146
1750.0 9.922355918196946
1900.0 1.6215200711436306
2200.0 20.229572816107325
2900.0 1.1914544435138132
3700.0 4.215103873023791
