250.0 5.924767067869943
325.0 12.150944282218026
350.0 3.542400194765609
375.0 7.223050186718543
400.0 8.9708511058086
425.0 10.34012564991288
450.0 11.727656077585666
475.0 11.450344035929785
500.0 10.71663800133301
525.0 9.937618709718292
550.0 9.632382604165604
575.0 9.232468837026753
600.0 8.433983285438371
625.0 8.008593161396936
650.0 7.334660581924226
675.0 6.470374096666596
700.0 3.120900362578417
731.0 11.45340146276282
775.0 8.498460766566188
850.0 16.357412459766966
950.0 9.81658804525962
1050.0 9.885829278315672
1150.0 4.450275462766909
1250.0 6.137208806744213
1350.0 0.9424954952926686
1450.0 0.9119167518048394
1550.0 3.2891874540077266
1650.0 2.5576630861236915
1750.0 1.7286381090872045
1900.0 0.273673512959311
2200.0 3.2224453732035574
2900.0 0.060061623818196
3700.0 0.277198201696521
